[0.28414453 0.28375721 0.28336437 0.28297599 0.28258436 0.28219618
 0.28180469 0.28141305 0.2810173  0.28061805 0.28021292 0.27980145
 0.27938186 0.27895385 0.27851647 0.27806963 0.27761346 0.27714782
 0.27667332 0.27619079 0.2757016  0.27520692 0.27470941 0.27420863
 0.27370699 0.2732056  0.27270609 0.2722097  0.27171794 0.27123167
 0.270752   0.27027979 0.2698157  0.26936009 0.26891346 0.26847598
 0.26804774 0.26762892 0.26721934 0.26681911 0.26642802 0.26604518
 0.26567129 0.2653056  0.2649487  0.26460028 0.2642603  0.2639283
 0.26360392 0.26328727 0.26297853 0.26267726 0.26238399 0.2620984
 0.26182103 0.26155201 0.26129119 0.26103904 0.26079545 0.2605608
 0.26033507 0.26011866 0.25991158 0.25971421 0.25952639 0.25934823
 0.25918039 0.25902235 0.25887506 0.25873835 0.25861191 0.25849621
 0.25839066 0.2582959  0.25821104 0.25813712 0.25807354 0.25802059
 0.25797799 0.25794594 0.2579241  0.2579127  0.25791144 0.2579204
 0.25793939 0.25796834 0.2580072  0.25805579 0.25811427 0.25818242
 0.25826033 0.25834717 0.25844355 0.25854908 0.25866381 0.2587879
 0.2589208  0.25906305 0.2592139  0.25937393 0.25954246 0.25972003
 0.25990593 0.26010063 0.26030381 0.26051537 0.26073544 0.2609638
 0.26120053 0.26144545 0.2616985  0.26195984 0.26222898 0.26250629
 0.26279155 0.26308464 0.26338561 0.26369423 0.26401066 0.26433466
 0.26466642 0.26500561 0.26535239 0.26570653 0.26606812 0.26643703
 0.26681313 0.26719642 0.26758698 0.26798439 0.26838898 0.26880021
 0.26921863 0.26964337 0.27007516 0.2705134  0.27095815 0.27140931
 0.27186679 0.27233069 0.2728006  0.27327677 0.27375887 0.27424703
 0.27474106 0.27524108 0.2757469  0.27625858 0.27677618 0.27729965
 0.27782897 0.27836443 0.27890568 0.27945325 0.28000662 0.28056643
 0.28113191 0.2817043  0.28228238 0.28286721 0.283458   0.2840554
 0.28465918 0.28526906 0.28588548 0.2865076  0.28713665 0.28777089
 0.28841159 0.28905752 0.28970958 0.29036628 0.2910287  0.29169529
 0.29236645 0.29304208 0.29372076 0.29440315 0.29508759 0.29577446
 0.29646208 0.29715071 0.2978383  0.29852496 0.29920886 0.29988919
 0.30056508 0.30123404 0.30189695 0.30254916 0.30319306 0.30382265
 0.30444043 0.30504074 0.30562468 0.30618782 0.30673085 0.30724962
 0.30774483 0.30821333 0.30865489 0.30906765 0.30945072 0.30980371
 0.31012473 0.31041457 0.31067154 0.31089735 0.31109045 0.31125328
 0.31138568 0.3114893  0.31156586 0.31161727 0.31164536 0.31165446
 0.31164623 0.31162507 0.3115946  0.3115568  0.31151669 0.31147684
 0.31144195 0.65164858 0.66405091 0.66331313 0.67108446 0.67120164
 0.67623659 0.67674868 0.68028268 0.68115091 0.6839885  0.6852768
 0.68791209 0.68966917 0.6923785  0.69460745 0.69751949 0.70015135
 0.70335851 0.70634348 0.70972954 0.71299604 0.71652235 0.71998063
 0.72360261 0.72718093 0.73085142 0.73448043 0.7381738  0.7418375
 0.74551768 0.7491756  0.75283061 0.75646155 0.76007786 0.76366512
 0.76722804 0.77075496 0.77424902 0.77770206 0.78111583 0.78448212
 0.78780185 0.79106891 0.79428242 0.79743765 0.80053259 0.80356412
 0.80653074 0.80943091 0.81226354 0.81502788 0.81772428 0.82035231
 0.82291421 0.82541163 0.82784506 0.8302189  0.832536   0.83480159
 0.83701155 0.83917755 0.84129387 0.84337206 0.84540878 0.84741088
 0.84937967 0.85131869 0.85323091 0.85512013 0.85698655 0.85884145
 0.86067141 0.86248486 0.86428588 0.86607755 0.86786141 0.86963928
 0.87141162 0.87318187 0.87495007 0.87671575 0.87847959 0.88024331
 0.88199226 0.88376523 0.88556104 0.88732579 0.88911065 0.89087245
 0.89262781 0.8943708  0.8960921  0.89778952 0.89945767 0.90108887
 0.90268329 0.90422809 0.90572338 0.9071615  0.90853802 0.90984998
 0.91109466 0.91226892 0.91337475 0.91440975 0.91537776 0.91628084
 0.91712368 0.91790868 0.918635   0.91932896 0.91997753 0.92059869
 0.92118131 0.92174786 0.92228918 0.92281824 0.92332353 0.92381846
 0.92431218 0.92478215 0.92524714 0.92569073 0.92610907 0.92651692
 0.92688686 0.92722118 0.92751751 0.92783798 0.92772181 0.92808416
 0.92801232 0.9281048  0.92796704 0.92785848 0.92760364 0.92732436
 0.92694118 0.92651729 0.92601763 0.92547608 0.92487674 0.92424348
 0.92357129 0.92287318 0.92214952 0.92140895 0.92065189 0.91989128
 0.91911801 0.91833221 0.91754254 0.91674729 0.91594081 0.91513324
 0.91431814 0.91349649 0.91266545 0.91182462 0.91097078 0.91010198
 0.90921509 0.90830904 0.90738134 0.90642915 0.90545053 0.90444314
 0.90340536 0.902335   0.90123163 0.90009514 0.89892398 0.8977153
 0.89647116 0.89519032 0.89387336 0.89252162 0.89113455 0.88971373
 0.88825917 0.88677233 0.88525308 0.88370351 0.88212321 0.88051395
 0.87887551 0.87720901 0.87551471 0.87379335 0.87204596 0.87027188
 0.86847164 0.86664467 0.86479215 0.86291255 0.86100698 0.85907436
 0.85711499 0.85512822 0.85311414 0.85107189 0.84900167 0.84690302
 0.84477588 0.8426199  0.84043524 0.83822162 0.83597944 0.83370842
 0.83140948 0.82908256 0.82672745 0.82434581 0.82193705 0.81950187
 0.81704104 0.81455488 0.81204436 0.80950972 0.80695188 0.80437139
 0.80176884 0.7991425  0.79650905 0.79384509 0.79116332 0.78845968
 0.7857395  0.78299929 0.7802422  0.77746745 0.77467585 0.77186789
 0.76904419 0.76620412 0.76334979 0.76048041 0.75759681 0.75469906
 0.75178746 0.74886262 0.74592461 0.74297375 0.74001062 0.73703502
 0.73404806 0.73104941 0.7280407  0.72502278 0.7219921  0.71895164
 0.71590136 0.71284126 0.70977249 0.7066949  0.70360883 0.70051477
 0.69741292 0.69430375 0.69118745 0.68806452 0.68493523 0.68180017
 0.67865927 0.60323047 0.60490312 0.60418338 0.60368682 0.60181396
 0.59979301 0.59696694 0.59393295 0.59043029 0.58677955 0.58286797
 0.57887682 0.57476312 0.57061631 0.56642596 0.5622366  0.55804884
 0.55388726 0.54974679 0.54563962 0.54157586 0.53754719 0.53356477
 0.52963038 0.52573229 0.52188235 0.51807157 0.51431596 0.51060057
 0.50692746 0.50328989 0.49969631 0.49613732 0.49261702 0.48913167
 0.48568173 0.48226908 0.47888724 0.47554329 0.4722269  0.46895438
 0.46570538 0.46249029 0.45930429 0.45615118 0.45302514 0.4499304
 0.44686884 0.44382867 0.44081637 0.43784516 0.43489534 0.43197599
 0.42908089 0.42620762 0.42337486 0.42056151 0.41777541 0.41501933
 0.41228928 0.40958872 0.40690831 0.40426348 0.40163525 0.39904927
 0.39648277 0.39394654 0.39143481 0.38895904 0.38650299 0.3840862
 0.38169091 0.37932956 0.3770004  0.37469638 0.37242598 0.37018856
 0.36798365 0.36580668 0.36366531 0.36155989 0.3594801  0.35744448
 0.35543416 0.35347035 0.35153135 0.34963067 0.34777378 0.34594341
 0.34415803 0.34240622 0.34069442 0.33901946 0.33738338 0.33578907
 0.3342323  0.33271754 0.3312424  0.32980705 0.32841659 0.32706319
 0.32575642 0.32448697 0.32326443 0.32208226 0.32094598 0.31985139
 0.31880318 0.31779843 0.31683931 0.31592685 0.31505727 0.31423628
 0.3134608  0.31273325 0.3120506  0.31141795 0.31083166 0.3102946
 0.30980532 0.30936544 0.30897427 0.30863286 0.3083409  0.30809917
 0.30790753 0.30776669 0.30767622 0.30763707 0.30764927 0.30771236
 0.30782727 0.30799413 0.30821335 0.30848426 0.308808   0.30918471
 0.30961431 0.31009703 0.31063312 0.31122311 0.31186639 0.31256377
 0.31331483 0.31412036 0.31497994 0.315894   0.31686248 0.31788554
 0.31896319 0.32009566 0.32128259 0.32252466 0.32382175 0.32517352
 0.32658028 0.3280417  0.32955801 0.33112894 0.33275455 0.33443461
 0.3361691  0.33795783 0.33980063 0.34169732 0.34364768 0.34565152
 0.34770858 0.34981838 0.35198074 0.35419533 0.35646176 0.35877963
 0.36114849 0.3635679  0.36603735 0.36855647 0.3711246  0.37374127
 0.37640567 0.37911765 0.38187626 0.38468096 0.38753107 0.39042593
 0.39336474 0.39634703 0.39937186 0.40243866 0.40554654 0.40869499
 0.4118831  0.41511015 0.41837548 0.42167821 0.42501768 0.42839301
 0.43180373 0.43524893 0.43872804 0.44224017 0.44578499 0.44936154
 0.45296967 0.45660829 0.46027744 0.46397614 0.46770435 0.47146129
 0.47524709 0.47906124 0.48290372 0.48677428 0.49067298 0.49459939
 0.49855391 0.50253654 0.5065476  0.51058723 0.51465594 0.51875381
 0.52288146 0.52703924 0.53122778 0.53544751 0.53969838 0.54398225
 0.54829879 0.55264902 0.55703381 0.56145342 0.56590799 0.57039844
 0.57492503 0.57952483 0.58400141 0.58873185 0.59334369 0.59809677
 0.6028199  0.60762664 0.6124419  0.61731659 0.62220768 0.62715245
 0.63213196 0.63714394 0.64219526 0.64727897 0.65239935 0.65755057
 0.66273632 0.66795072 0.67319656 0.67846926 0.68376888 0.68909342
 0.69444104 0.69980859 0.70519548 0.7105978  0.71601503 0.72144324
 0.72688134 0.51003887 0.51756126 0.52296472 0.52793902 0.53155982
 0.53474592 0.5371393  0.53931742 0.54109325 0.54285302 0.54444585
 0.54613767 0.54778917 0.54958353 0.55138549 0.5533342  0.5553338
 0.55743391 0.55957825 0.56180921 0.56406423 0.56639453 0.56874226
 0.57112952 0.57355399 0.5760224  0.57848869 0.58097777 0.58346741
 0.58596883 0.58846963 0.59097692 0.59348166 0.59598896 0.59849216
 0.60099537 0.60349386 0.60599007 0.60848078 0.61096563 0.61344512
 0.61591771 0.61838528 0.62084465 0.62329803 0.62574455 0.62818471
 0.63061592 0.63304026 0.63545425 0.63785811 0.64025309 0.64263847
 0.64500907 0.64736772 0.64971041 0.65203631 0.65434177 0.65662706
 0.65888853 0.66112485 0.66333225 0.66550914 0.66765364 0.66976262
 0.67183059 0.67386093 0.6758464  0.67778791 0.67968252 0.68153058
 0.68332532 0.68507067 0.68676332 0.68840696 0.6899932  0.691529
 0.69301181 0.6944409  0.69581921 0.69713561 0.69842784 0.69965796
 0.70084893 0.70199064 0.70309177 0.70415081 0.70517072 0.70615155
 0.70710146 0.7080136  0.7088977  0.70975114 0.71057725 0.71137762
 0.71215266 0.7129053  0.71363231 0.71433416 0.71502098 0.71567873
 0.71631709 0.71693023 0.71752307 0.71808904 0.71863389 0.71915159
 0.7196447  0.72011179 0.72055036 0.72096139 0.72134058 0.72169269
 0.72200949 0.72229266 0.72254705 0.72276973 0.72295757 0.72310963
 0.72322809 0.72330779 0.72335546 0.72336563 0.72334331 0.72328485
 0.72319364 0.72306728 0.72290896 0.72271803 0.72249711 0.72224312
 0.72196108 0.72164625 0.72130975 0.72094296 0.7205497  0.72012775
 0.71968711 0.71921483 0.71872194 0.71821144 0.71766824 0.71711014
 0.71652186 0.71591482 0.71528519 0.71463374 0.7139599  0.71326392
 0.7125458  0.71180559 0.71104291 0.7102581  0.70945083 0.7086213
 0.70777011 0.70689616 0.70599971 0.70508094 0.70413953 0.70317611
 0.70219036 0.70118296 0.70015403 0.6991034  0.6980319  0.69693938
 0.69582637 0.69469306 0.69353995 0.69236733 0.69117562 0.68996512
 0.68873656 0.68749003 0.68622606 0.68494493 0.6836457  0.68233129
 0.68100044 0.679653   0.67829044 0.67691227 0.67551919 0.67411117
 0.67268854 0.6712516  0.66980048 0.66833516 0.66685591 0.66536259
 0.66385515 0.66233392 0.66079903 0.65925002 0.65768748 0.65611145
 0.65452173 0.65291799 0.65130086 0.64966993 0.6480256  0.64636771
 0.64469661 0.64301182 0.64131415 0.63960306 0.63787915 0.63614221
 0.63439251 0.63263053 0.63085584 0.62906843 0.62726958 0.62545854
 0.62363592 0.62180187 0.61995619 0.61809972 0.61623258 0.61435443
 0.61246648 0.61056783 0.60865985 0.60674152 0.60481472 0.60287754
 0.60093259 0.59897803 0.5970148  0.59504258 0.59306302 0.59107553
 0.58908035 0.58708235 0.58507201 0.58305577 0.58103334 0.57900309
 0.57696817 0.57492562 0.57287894 0.57082529 0.56876835 0.56670506
 0.56463737 0.56256563 0.560489   0.55840748 0.55632378 0.55423541
 0.55214374 0.55005016 0.54795178 0.54585373 0.54375007 0.54164789
 0.53954001 0.53743422 0.53532493 0.53321594 0.53110599 0.52899522
 0.52688547 0.69863446 0.69873294 0.69684539 0.69508895 0.69236178
 0.68950616 0.6861609  0.6826661  0.6789379  0.67511325 0.67119701
 0.66724712 0.66328502 0.65933391 0.6554108  0.65152472 0.64768549
 0.64389678 0.6401614  0.63648022 0.63284917 0.62927943 0.62575731
 0.62228656 0.61886227 0.6154813  0.61214535 0.60884892 0.60559221
 0.60237335 0.59919018 0.59604257 0.59293426 0.58985487 0.58681055
 0.58379703 0.58081761 0.5778703  0.57495207 0.57206684 0.56920951
 0.56638848 0.56359777 0.56083997 0.55811488 0.55542328 0.55276473
 0.55013976 0.54754859 0.54499152 0.5424683  0.53998008 0.53752552
 0.53510695 0.53272133 0.53037088 0.52805516 0.5257743  0.52352784
 0.52131532 0.51913731 0.51699505 0.51488714 0.512814   0.51077614
 0.50877233 0.50680269 0.50486771 0.50296684 0.50109987 0.49926514
 0.49747432 0.49571218 0.49398614 0.49229352 0.49063548 0.48901107
 0.48742182 0.48586564 0.48434395 0.4828567  0.48140234 0.47998416
 0.47859807 0.47724772 0.47592959 0.47464882 0.47339938 0.47218526
 0.47100687 0.46986203 0.46875144 0.4676772  0.46663552 0.46562978
 0.46465847 0.4637215  0.46282111 0.46195594 0.46112494 0.46033063
 0.45957201 0.45884817 0.45816197 0.45750994 0.45689621 0.4563164
 0.45577443 0.45526848 0.45479941 0.45436797 0.4539738  0.4536194
 0.4532968  0.45301968 0.45277375 0.45257176 0.4524046  0.45227662
 0.45218844 0.45214051 0.45212902 0.45215823 0.45222656 0.45233461
 0.45248267 0.45267145 0.45290249 0.45316746 0.45348021 0.45382939
 0.45422145 0.454653   0.45512774 0.4556414  0.45619664 0.45679132
 0.45743079 0.45811374 0.45882808 0.45959658 0.46040092 0.46124891
 0.46213387 0.46306464 0.46404113 0.46504965 0.46610796 0.4672054
 0.4683461  0.46952874 0.47075127 0.47201804 0.47332553 0.47466982
 0.47607663 0.4774902  0.4789617  0.48048779 0.48204086 0.48363463
 0.4852703  0.48694899 0.48866678 0.490425   0.49222335 0.4940615
 0.49593884 0.49785619 0.49981175 0.50180715 0.50384129 0.50591266
 0.5080224  0.51016925 0.51235433 0.51457474 0.51683234 0.51912543
 0.52145414 0.52381809 0.52621627 0.52864875 0.53111539 0.53361453
 0.53614676 0.53871081 0.54130652 0.543933   0.5465909  0.54927787
 0.55199419 0.55474021 0.55751307 0.56031518 0.56314194 0.56599701
 0.56887569 0.57178059 0.57470845 0.57766092 0.58063558 0.58363297
 0.58665188 0.58969151 0.59275126 0.59583048 0.59892893 0.60204476
 0.60517875 0.60832935 0.61149513 0.61467767 0.61787325 0.62108482
 0.62430772 0.62754472 0.63079293 0.6340522  0.63732409 0.64064429
 0.64377761 0.64717618 0.65042051 0.65377776 0.65707206 0.66041872
 0.66373909 0.66708845 0.67042319 0.67377763 0.67712136 0.68048023
 0.68382566 0.68719056 0.69054267 0.69390107 0.69725284 0.70061025
 0.70396003 0.70731697 0.7106605  0.71400719 0.71734765 0.72068586
 0.72402052 0.7273441  0.73067152 0.73398324 0.73729945 0.74059793
 0.74389565 0.74718509 0.75046301 0.75373633 0.75699937 0.76024725
 0.76349466 0.76672421 0.76994971 0.77315537 0.77636151 0.77954123
 0.78272504 0.75411905 0.76165435 0.76669526 0.77120112 0.77436829
 0.77692583 0.77879117 0.78023467 0.78136469 0.782286   0.78311441
 0.78389664 0.78470906 0.78557545 0.7865307  0.78758641 0.78874643
 0.79001377 0.79137576 0.79282693 0.79434926 0.79593712 0.79756721
 0.79923796 0.80092962 0.8026402  0.80435604 0.80607673 0.80779391
 0.809504   0.81120238 0.81288696 0.81455407 0.81620345 0.81781409
 0.81944569 0.82102009 0.8225861  0.82412054 0.82563931 0.82712157
 0.8285859  0.83002017 0.83143345 0.83281864 0.83418133 0.83551979
 0.83683229 0.83812367 0.83938985 0.84063564 0.84185839 0.8430587
 0.84423684 0.84539213 0.84652701 0.84763752 0.84872887 0.84980268
 0.85082655 0.85184188 0.85282169 0.85377736 0.85471271 0.85561831
 0.85650679 0.85736783 0.85820482 0.8590176  0.85981061 0.86057379
 0.86131689 0.86203277 0.86273084 0.86340081 0.86405149 0.86467146
 0.86526107 0.8658455  0.86639324 0.86692941 0.86743156 0.86791735
 0.8683691  0.8688139  0.8692177  0.86960924 0.8699719  0.87031323
 0.87063057 0.87092827 0.87119296 0.87144611 0.87166713 0.87187116
 0.87205193 0.87219685 0.8723342  0.8724392  0.87253923 0.87260356
 0.87264592 0.8726665  0.87267295 0.87264953 0.87260694 0.87254154
 0.87245525 0.87234753 0.8722192  0.8720692  0.87189791 0.87170627
 0.87149275 0.87129685 0.8708928  0.87073703 0.87036623 0.87010655
 0.86973753 0.86940909 0.86901863 0.86863889 0.86821849 0.86779139
 0.86733534 0.86686571 0.86637109 0.86586327 0.86533116 0.86478253
 0.86421216 0.86362501 0.8630205  0.8623953  0.86175306 0.86108725
 0.86041709 0.85971771 0.85901196 0.85828357 0.85754252 0.85677877
 0.85597775 0.85518619 0.85433451 0.85339334 0.85260914 0.85138674
 0.85014812 0.84986353 0.84986353]
[ 1.0050346   1.02298164  1.04092869  1.05887574  1.07682278  1.09476983
  1.11271688  1.13066392  1.14861097  1.16655802  1.18450506  1.20245211
  1.22039916  1.2383462   1.25629325  1.27424029  1.29218734  1.31013439
  1.32808143  1.34602848  1.36397553  1.38192257  1.39986962  1.41781667
  1.43576371  1.45371076  1.4716578   1.48960485  1.5075519   1.52549894
  1.54344599  1.56139304  1.57934008  1.59728713  1.61523418  1.63318122
  1.65112827  1.66907532  1.68702236  1.70496941  1.72291645  1.7408635
  1.75881055  1.77675759  1.79470464  1.81265169  1.83059873  1.84854578
  1.86649283  1.88443987  1.90238692  1.92033396  1.93828101  1.95622806
  1.9741751   1.99212215  2.0100692   2.02801624  2.04596329  2.06391034
  2.08185738  2.09980443  2.11775148  2.13569852  2.15364557  2.17159261
  2.18953966  2.20748671  2.22543375  2.2433808   2.26132785  2.27927489
  2.29722194  2.31516899  2.33311603  2.35106308  2.36901012  2.38695717
  2.40490422  2.42285126  2.44079831  2.45874536  2.4766924   2.49463945
  2.5125865   2.53053354  2.54848059  2.56642764  2.58437468  2.60232173
  2.62026877  2.63821582  2.65616287  2.67410991  2.69205696  2.71000401
  2.72795105  2.7458981   2.76384515  2.78179219  2.79973924  2.81768628
  2.83563333  2.85358038  2.87152742  2.88947447  2.90742152  2.92536856
  2.94331561  2.96126266  2.9792097   2.99715675  3.01510379  3.03305084
  3.05099789  3.06894493  3.08689198  3.10483903  3.12278607  3.14073312
  3.15868017  3.17662721  3.19457426  3.21252131  3.23046835  3.2484154
  3.26636244  3.28430949  3.30225654  3.32020358  3.33815063  3.35609768
  3.37404472  3.39199177  3.40993882  3.42788586  3.44583291  3.46377995
  3.481727    3.49967405  3.51762109  3.53556814  3.55351519  3.57146223
  3.58940928  3.60735633  3.62530337  3.64325042  3.66119747  3.67914451
  3.69709156  3.7150386   3.73298565  3.7509327   3.76887974  3.78682679
  3.80477384  3.82272088  3.84066793  3.85861498  3.87656202  3.89450907
  3.91245611  3.93040316  3.94835021  3.96629725  3.9842443   4.00219135
  4.02013839  4.03808544  4.05603249  4.07397953  4.09192658  4.10987363
  4.12782067  4.14576772  4.16371476  4.18166181  4.19960886  4.2175559
  4.23550295  4.25345     4.27139704  4.28934409  4.30729114  4.32523818
  4.34318523  4.36113227  4.37907932  4.39702637  4.41497341  4.43292046
  4.45086751  4.46881455  4.4867616   4.50470865  4.52265569  4.54060274
  4.55854979  4.57649683  4.59444388  4.61239092  4.63033797  4.64828502
  4.66623206  4.68417911  4.70212616  4.7200732   4.73802025  4.7559673
  4.77391434  4.79186139  4.80980843  4.82775548  4.84570253  4.86364957
  4.88159662  4.89954367  4.91749071  4.93543776  4.95338481  4.97133185
  4.9892789   5.27643164  5.29437869  5.31232573  5.33027278  5.34821983
  5.36616687  5.38411392  5.40206097  5.42000801  5.43795506  5.45590211
  5.47384915  5.4917962   5.50974324  5.52769029  5.54563734  5.56358438
  5.58153143  5.59947848  5.61742552  5.63537257  5.65331962  5.67126666
  5.68921371  5.70716075  5.7251078   5.74305485  5.76100189  5.77894894
  5.79689599  5.81484303  5.83279008  5.85073713  5.86868417  5.88663122
  5.90457827  5.92252531  5.94047236  5.9584194   5.97636645  5.9943135
  6.01226054  6.03020759  6.04815464  6.06610168  6.08404873  6.10199578
  6.11994282  6.13788987  6.15583691  6.17378396  6.19173101  6.20967805
  6.2276251   6.24557215  6.26351919  6.28146624  6.29941329  6.31736033
  6.33530738  6.35325443  6.37120147  6.38914852  6.40709556  6.42504261
  6.44298966  6.4609367   6.47888375  6.4968308   6.51477784  6.53272489
  6.55067194  6.56861898  6.58656603  6.60451307  6.62246012  6.64040717
  6.65835421  6.67630126  6.69424831  6.71219535  6.7301424   6.74808945
  6.76603649  6.78398354  6.80193059  6.81987763  6.83782468  6.85577172
  6.87371877  6.89166582  6.90961286  6.92755991  6.94550696  6.963454
  6.98140105  6.9993481   7.01729514  7.03524219  7.05318923  7.07113628
  7.08908333  7.10703037  7.12497742  7.14292447  7.16087151  7.17881856
  7.19676561  7.21471265  7.2326597   7.25060675  7.26855379  7.28650084
  7.30444788  7.32239493  7.34034198  7.35828902  7.37623607  7.39418312
  7.41213016  7.43007721  7.44802426  7.4659713   7.48391835  7.50186539
  7.51981244  7.53775949  7.55570653  7.57365358  7.59160063  7.60954767
  7.62749472  7.64544177  7.66338881  7.68133586  7.69928291  7.71722995
  7.735177    7.75312404  7.77107109  7.78901814  7.80696518  7.82491223
  7.84285928  7.86080632  7.87875337  7.89670042  7.91464746  7.93259451
  7.95054155  7.9684886   7.98643565  8.00438269  8.02232974  8.04027679
  8.05822383  8.07617088  8.09411793  8.11206497  8.13001202  8.14795906
  8.16590611  8.18385316  8.2018002   8.21974725  8.2376943   8.25564134
  8.27358839  8.29153544  8.30948248  8.32742953  8.34537658  8.36332362
  8.38127067  8.39921771  8.41716476  8.43511181  8.45305885  8.4710059
  8.48895295  8.50689999  8.52484704  8.54279409  8.56074113  8.57868818
  8.59663522  8.61458227  8.63252932  8.65047636  8.66842341  8.68637046
  8.7043175   8.72226455  8.7402116   8.75815864  8.77610569  8.79405274
  8.81199978  8.82994683  8.84789387  8.86584092  8.88378797  8.90173501
  8.91968206  8.93762911  8.95557615  8.9735232   8.99147025  9.00941729
  9.02736434  9.04531138  9.06325843  9.08120548  9.09915252  9.11709957
  9.13504662  9.15299366  9.17094071  9.18888776  9.2068348   9.22478185
  9.2427289   9.26067594  9.27862299  9.29657003  9.31451708  9.33246413
  9.35041117  9.36835822  9.38630527  9.40425231  9.42219936  9.44014641
  9.45809345  9.4760405   9.49398754  9.51193459  9.52988164  9.54782868
  9.56577573  9.58372278  9.60166982  9.61961687  9.63756392  9.65551096
  9.67345801  9.69140506  9.7093521   9.72729915  9.74524619  9.76319324
  9.78114029  9.79908733  9.81703438  9.83498143  9.85292847  9.87087552
  9.88882257  9.90676961  9.92471666  9.9426637   9.96061075  9.9785578
  9.99650484 10.28365759 10.30160463 10.31955168 10.33749873 10.35544577
 10.37339282 10.39133986 10.40928691 10.42723396 10.445181   10.46312805
 10.4810751  10.49902214 10.51696919 10.53491624 10.55286328 10.57081033
 10.58875738 10.60670442 10.62465147 10.64259851 10.66054556 10.67849261
 10.69643965 10.7143867  10.73233375 10.75028079 10.76822784 10.78617489
 10.80412193 10.82206898 10.84001602 10.85796307 10.87591012 10.89385716
 10.91180421 10.92975126 10.9476983  10.96564535 10.9835924  11.00153944
 11.01948649 11.03743354 11.05538058 11.07332763 11.09127467 11.10922172
 11.12716877 11.14511581 11.16306286 11.18100991 11.19895695 11.216904
 11.23485105 11.25279809 11.27074514 11.28869218 11.30663923 11.32458628
 11.34253332 11.36048037 11.37842742 11.39637446 11.41432151 11.43226856
 11.4502156  11.46816265 11.4861097  11.50405674 11.52200379 11.53995083
 11.55789788 11.57584493 11.59379197 11.61173902 11.62968607 11.64763311
 11.66558016 11.68352721 11.70147425 11.7194213  11.73736834 11.75531539
 11.77326244 11.79120948 11.80915653 11.82710358 11.84505062 11.86299767
 11.88094472 11.89889176 11.91683881 11.93478586 11.9527329  11.97067995
 11.98862699 12.00657404 12.02452109 12.04246813 12.06041518 12.07836223
 12.09630927 12.11425632 12.13220337 12.15015041 12.16809746 12.1860445
 12.20399155 12.2219386  12.23988564 12.25783269 12.27577974 12.29372678
 12.31167383 12.32962088 12.34756792 12.36551497 12.38346202 12.40140906
 12.41935611 12.43730315 12.4552502  12.47319725 12.49114429 12.50909134
 12.52703839 12.54498543 12.56293248 12.58087953 12.59882657 12.61677362
 12.63472066 12.65266771 12.67061476 12.6885618  12.70650885 12.7244559
 12.74240294 12.76034999 12.77829704 12.79624408 12.81419113 12.83213818
 12.85008522 12.86803227 12.88597931 12.90392636 12.92187341 12.93982045
 12.9577675  12.97571455 12.99366159 13.01160864 13.02955569 13.04750273
 13.06544978 13.08339682 13.10134387 13.11929092 13.13723796 13.15518501
 13.17313206 13.1910791  13.20902615 13.2269732  13.24492024 13.26286729
 13.28081433 13.29876138 13.31670843 13.33465547 13.35260252 13.37054957
 13.38849661 13.40644366 13.42439071 13.44233775 13.4602848  13.47823185
 13.49617889 13.51412594 13.53207298 13.55002003 13.56796708 13.58591412
 13.60386117 13.62180822 13.63975526 13.65770231 13.67564936 13.6935964
 13.71154345 13.72949049 13.74743754 13.76538459 13.78333163 13.80127868
 13.81922573 13.83717277 13.85511982 13.87306687 13.89101391 13.90896096
 13.92690801 13.94485505 13.9628021  13.98074914 13.99869619 14.01664324
 14.03459028 14.05253733 14.07048438 14.08843142 14.10637847 14.12432552
 14.14227256 14.16021961 14.17816665 14.1961137  14.21406075 14.23200779
 14.24995484 14.26790189 14.28584893 14.30379598 14.32174303 14.33969007
 14.35763712 14.37558417 14.39353121 14.41147826 14.4294253  14.44737235
 14.4653194  14.48326644 14.50121349 14.51916054 14.53710758 14.55505463
 14.57300168 14.59094872 14.60889577 14.62684281 14.64478986 14.66273691
 14.68068395 14.698631   14.71657805 14.73452509 14.75247214 14.77041919
 14.78836623 14.80631328 14.82426033 14.84220737 14.86015442 14.87810146
 14.89604851 14.91399556 14.9319426  14.94988965 14.9678367  14.98578374
 15.00373079 15.29088353 15.30883058 15.32677762 15.34472467 15.36267172
 15.38061876 15.39856581 15.41651286 15.4344599  15.45240695 15.470354
 15.48830104 15.50624809 15.52419513 15.54214218 15.56008923 15.57803627
 15.59598332 15.61393037 15.63187741 15.64982446 15.66777151 15.68571855
 15.7036656  15.72161265 15.73955969 15.75750674 15.77545378 15.79340083
 15.81134788 15.82929492 15.84724197 15.86518902 15.88313606 15.90108311
 15.91903016 15.9369772  15.95492425 15.97287129 15.99081834 16.00876539
 16.02671243 16.04465948 16.06260653 16.08055357 16.09850062 16.11644767
 16.13439471 16.15234176 16.17028881 16.18823585 16.2061829  16.22412994
 16.24207699 16.26002404 16.27797108 16.29591813 16.31386518 16.33181222
 16.34975927 16.36770632 16.38565336 16.40360041 16.42154745 16.4394945
 16.45744155 16.47538859 16.49333564 16.51128269 16.52922973 16.54717678
 16.56512383 16.58307087 16.60101792 16.61896497 16.63691201 16.65485906
 16.6728061  16.69075315 16.7087002  16.72664724 16.74459429 16.76254134
 16.78048838 16.79843543 16.81638248 16.83432952 16.85227657 16.87022361
 16.88817066 16.90611771 16.92406475 16.9420118  16.95995885 16.97790589
 16.99585294 17.01379999 17.03174703 17.04969408 17.06764113 17.08558817
 17.10353522 17.12148226 17.13942931 17.15737636 17.1753234  17.19327045
 17.2112175  17.22916454 17.24711159 17.26505864 17.28300568 17.30095273
 17.31889977 17.33684682 17.35479387 17.37274091 17.39068796 17.40863501
 17.42658205 17.4445291  17.46247615 17.48042319 17.49837024 17.51631729
 17.53426433 17.55221138 17.57015842 17.58810547 17.60605252 17.62399956
 17.64194661 17.65989366 17.6778407  17.69578775 17.7137348  17.73168184
 17.74962889 17.76757593 17.78552298 17.80347003 17.82141707 17.83936412
 17.85731117 17.87525821 17.89320526 17.91115231 17.92909935 17.9470464
 17.96499345 17.98294049 18.00088754 18.01883458 18.03678163 18.05472868
 18.07267572 18.09062277 18.10856982 18.12651686 18.14446391 18.16241096
 18.180358   18.19830505 18.21625209 18.23419914 18.25214619 18.27009323
 18.28804028 18.30598733 18.32393437 18.34188142 18.35982847 18.37777551
 18.39572256 18.4136696  18.43161665 18.4495637  18.46751074 18.48545779
 18.50340484 18.52135188 18.53929893 18.55724598 18.57519302 18.59314007
 18.61108712 18.62903416 18.64698121 18.66492825 18.6828753  18.70082235
 18.71876939 18.73671644 18.75466349 18.77261053 18.79055758 18.80850463
 18.82645167 18.84439872 18.86234576 18.88029281 18.89823986 18.9161869
 18.93413395 18.952081   18.97002804 18.98797509 19.00592214 19.02386918
 19.04181623 19.05976328 19.07771032 19.09565737 19.11360441 19.13155146
 19.14949851 19.16744555 19.1853926  19.20333965 19.22128669 19.23923374
 19.25718079 19.27512783 19.29307488 19.31102192 19.32896897 19.34691602
 19.36486306 19.38281011 19.40075716 19.4187042  19.43665125 19.4545983
 19.47254534 19.49049239 19.50843944 19.52638648 19.54433353 19.56228057
 19.58022762 19.59817467 19.61612171 19.63406876 19.65201581 19.66996285
 19.6879099  19.70585695 19.72380399 19.74175104 19.75969808 19.77764513
 19.79559218 19.81353922 19.83148627 19.84943332 19.86738036 19.88532741
 19.90327446 19.9212215  19.93916855 19.9571156  19.97506264 19.99300969
 20.01095673 20.29810948 20.31605652 20.33400357 20.35195062 20.36989766
 20.38784471 20.40579176 20.4237388  20.44168585 20.45963289 20.47757994
 20.49552699 20.51347403 20.53142108 20.54936813 20.56731517 20.58526222
 20.60320927 20.62115631 20.63910336 20.6570504  20.67499745 20.6929445
 20.71089154 20.72883859 20.74678564 20.76473268 20.78267973 20.80062678
 20.81857382 20.83652087 20.85446792 20.87241496 20.89036201 20.90830905
 20.9262561  20.94420315 20.96215019 20.98009724 20.99804429 21.01599133
 21.03393838 21.05188543 21.06983247 21.08777952 21.10572656 21.12367361
 21.14162066 21.1595677  21.17751475 21.1954618  21.21340884 21.23135589
 21.24930294 21.26724998 21.28519703 21.30314408 21.32109112 21.33903817
 21.35698521 21.37493226 21.39287931 21.41082635 21.4287734  21.44672045
 21.46466749 21.48261454 21.50056159 21.51850863 21.53645568 21.55440272
 21.57234977 21.59029682 21.60824386 21.62619091 21.64413796 21.662085
 21.68003205 21.6979791  21.71592614 21.73387319 21.75182024 21.76976728
 21.78771433 21.80566137 21.82360842 21.84155547 21.85950251 21.87744956
 21.89539661 21.91334365 21.9312907  21.94923775 21.96718479 21.98513184
 22.00307888 22.02102593 22.03897298 22.05692002 22.07486707 22.09281412
 22.11076116 22.12870821 22.14665526 22.1646023  22.18254935 22.2004964
 22.21844344 22.23639049 22.25433753 22.27228458 22.29023163 22.30817867
 22.32612572 22.34407277 22.36201981 22.37996686 22.39791391 22.41586095
 22.433808   22.45175504 22.46970209 22.48764914 22.50559618 22.52354323
 22.54149028 22.55943732 22.57738437 22.59533142 22.61327846 22.63122551
 22.64917256 22.6671196  22.68506665 22.70301369 22.72096074 22.73890779
 22.75685483 22.77480188 22.79274893 22.81069597 22.82864302 22.84659007
 22.86453711 22.88248416 22.9004312  22.91837825 22.9363253  22.95427234
 22.97221939 22.99016644 23.00811348 23.02606053 23.04400758 23.06195462
 23.07990167 23.09784872 23.11579576 23.13374281 23.15168985 23.1696369
 23.18758395 23.20553099 23.22347804 23.24142509 23.25937213 23.27731918
 23.29526623 23.31321327 23.33116032 23.34910736 23.36705441 23.38500146
 23.4029485  23.42089555 23.4388426  23.45678964 23.47473669 23.49268374
 23.51063078 23.52857783 23.54652487 23.56447192 23.58241897 23.60036601
 23.61831306 23.63626011 23.65420715 23.6721542  23.69010125 23.70804829
 23.72599534 23.74394239 23.76188943 23.77983648 23.79778352 23.81573057
 23.83367762 23.85162466 23.86957171 23.88751876 23.9054658  23.92341285
 23.9413599  23.95930694 23.97725399 23.99520103 24.01314808 24.03109513
 24.04904217 24.06698922 24.08493627 24.10288331 24.12083036 24.13877741
 24.15672445 24.1746715  24.19261855 24.21056559 24.22851264 24.24645968
 24.26440673 24.28235378 24.30030082 24.31824787 24.33619492 24.35414196
 24.37208901 24.39003606 24.4079831  24.42593015 24.44387719 24.46182424
 24.47977129 24.49771833 24.51566538 24.53361243 24.55155947 24.56950652
 24.58745357 24.60540061 24.62334766 24.64129471 24.65924175 24.6771888
 24.69513584 24.71308289 24.73102994 24.74897698 24.76692403 24.78487108
 24.80281812 24.82076517 24.83871222 24.85665926 24.87460631 24.89255335
 24.9105004  24.92844745 24.94639449 24.96434154 24.98228859 25.00023563
 25.01818268 25.30533542 25.32328247 25.34122951 25.35917656 25.37712361
 25.39507065 25.4130177  25.43096475 25.44891179 25.46685884 25.48480589
 25.50275293 25.52069998 25.53864703 25.55659407 25.57454112 25.59248816
 25.61043521 25.62838226 25.6463293  25.66427635 25.6822234  25.70017044
 25.71811749 25.73606454 25.75401158 25.77195863 25.78990567 25.80785272
 25.82579977 25.84374681 25.86169386 25.87964091 25.89758795 25.915535
 25.93348205 25.95142909 25.96937614 25.98732319 26.00527023 26.02321728
 26.04116432 26.05911137 26.07705842 26.09500546 26.11295251 26.13089956
 26.1488466  26.16679365 26.1847407  26.20268774 26.22063479 26.23858183
 26.25652888 26.27447593 26.29242297 26.31037002 26.32831707 26.34626411
 26.36421116 26.38215821 26.40010525 26.4180523  26.43599935 26.45394639
 26.47189344 26.48984048 26.50778753 26.52573458 26.54368162 26.56162867
 26.57957572 26.59752276 26.61546981 26.63341686 26.6513639  26.66931095
 26.68725799 26.70520504 26.72315209 26.74109913 26.75904618 26.77699323
 26.79494027 26.81288732 26.83083437 26.84878141 26.86672846 26.88467551
 26.90262255 26.9205696  26.93851664 26.95646369 26.97441074 26.99235778
 27.01030483 27.02825188 27.04619892 27.06414597 27.08209302 27.10004006
 27.11798711 27.13593415 27.1538812  27.17182825 27.18977529 27.20772234
 27.22566939 27.24361643 27.26156348 27.27951053 27.29745757 27.31540462
 27.33335167 27.35129871 27.36924576 27.3871928  27.40513985 27.4230869
 27.44103394 27.45898099 27.47692804 27.49487508 27.51282213 27.53076918
 27.54871622 27.56666327 27.58461031 27.60255736 27.62050441 27.63845145
 27.6563985  27.67434555 27.69229259 27.71023964 27.72818669 27.74613373
 27.76408078 27.78202783 27.79997487 27.81792192 27.83586896 27.85381601
 27.87176306 27.8897101  27.90765715 27.9256042  27.94355124 27.96149829
 27.97944534 27.99739238 28.01533943]